# For clips which all frames are abnormal, skip the AUC evaluation of the clip and count when evaluating average AUC of the entire test set.
+----------+-------------+-------------+-------------+-------------+
| VIDEO-ID | AUROC-Recon | AUROC-FlowA | AUROC-FlowM | AUROC-Total |
+----------+-------------+-------------+-------------+-------------+
| 01_0014  |    0.9591   |    0.9738   |    0.9731   |    0.9735   |
| 01_0015  |    0.9988   |    0.9681   |    0.9536   |    0.9582   |
| 01_0016  |    0.9643   |    0.9587   |    0.9455   |    0.9510   |
| 01_0025  |    0.6820   |    0.6781   |    0.6696   |    0.6727   |
| 01_0026  |    0.7523   |    0.7659   |    0.7802   |    0.7754   |
| 01_0027  |    0.9432   |    0.9167   |    0.9075   |    0.9106   |
| 01_0028  |    0.9508   |    0.9463   |    0.9633   |    0.9530   |
| 01_0029  |    0.9777   |    0.9923   |    0.9894   |    0.9909   |
| 01_0030  |    0.7944   |    0.6789   |    0.6522   |    0.6615   |
| 01_0051  |    0.9979   |    0.9962   |    0.9965   |    0.9966   |
| 01_0052  |    0.7731   |    0.7981   |    0.8027   |    0.7939   |
| 01_0053  |    0.9803   |    0.9478   |    0.9333   |    0.9402   |
| 01_0054  |    0.5942   |    0.5566   |    0.5715   |    0.5673   |
| 01_0055  |    0.9424   |    0.9517   |    0.9540   |    0.9532   |
| 01_0056  |    0.9927   |    0.9997   |    0.9951   |    0.9981   |
| 01_0063  |    0.9247   |    0.8877   |    0.8754   |    0.8802   |
| 01_0064  |    0.9605   |    0.9828   |    0.9815   |    0.9821   |
| 01_0073  |    0.9754   |    0.9453   |    0.9316   |    0.9355   |
| 01_0076  |    0.8138   |    0.8094   |    0.8085   |    0.8088   |
| 01_0129  |    0.9999   |    0.9998   |    0.9999   |    1.0000   |
| 01_0130  |    0.9432   |    0.9702   |    0.9729   |    0.9716   |
| 01_0131  |    0.9810   |    0.9795   |    0.9752   |    0.9768   |
| 01_0132  |    0.9988   |    0.9949   |    0.9847   |    0.9915   |
| 01_0133  |    0.3935   |    0.6481   |    0.8102   |    0.6759   |
| 01_0134  |    0.9768   |    0.9617   |    0.9480   |    0.9525   |
| 01_0135  |    0.9564   |    0.9940   |    0.9845   |    0.9891   |
| 01_0136  |    0.9339   |    0.9243   |    0.9134   |    0.9191   |
| 01_0138  |    0.7952   |    0.7421   |    0.7111   |    0.7219   |
| 01_0139  |    0.9936   |    0.9955   |    0.9965   |    0.9962   |
| 01_0140  |    0.9435   |    0.8864   |    0.8414   |    0.8614   |
| 01_0141  |    0.8309   |    0.8240   |    0.8220   |    0.8227   |
| 01_0162  |    0.9072   |    0.8940   |    0.8882   |    0.8898   |
| 01_0163  |    0.9986   |    0.9961   |    0.9953   |    0.9958   |
| 01_0177  |    0.9996   |    0.9990   |    0.9997   |    0.9995   |
| 02_0128  |    0.8723   |    0.8403   |    0.7771   |    0.8050   |
| 02_0161  |    0.7542   |    0.6763   |    0.6564   |    0.6665   |
| 02_0164  |    0.5995   |    0.6448   |    0.6074   |    0.6253   |
| 03_0031  |    0.9525   |    0.9760   |    0.9669   |    0.9715   |
| 03_0032  |    0.9510   |    0.9471   |    0.9552   |    0.9512   |
| 03_0033  |    0.4234   |    0.4101   |    0.4189   |    0.4150   |
| 03_0035  |    0.8469   |    0.8430   |    0.8307   |    0.8371   |
| 03_0036  |    0.8122   |    0.8218   |    0.8187   |    0.8203   |
| 03_0039  |    0.6068   |    0.5843   |    0.5834   |    0.5832   |
| 03_0041  |    0.6494   |    0.6145   |    0.6236   |    0.6183   |
| 03_0059  |    0.7762   |    0.7457   |    0.7580   |    0.7504   |
| 03_0060  |    0.7234   |    0.7518   |    0.7443   |    0.7478   |
| 03_0061  |    0.6913   |    0.6750   |    0.6580   |    0.6657   |
| 04_0001  |    0.5815   |    0.6546   |    0.5699   |    0.6245   |
| 04_0003  |    0.7419   |    0.7662   |    0.7371   |    0.7592   |
| 04_0004  |    0.3540   |    0.3272   |    0.3658   |    0.3406   |
| 04_0010  |    0.6773   |    0.3755   |    0.5383   |    0.4673   |
| 04_0012  |    0.9527   |    0.9564   |    0.9258   |    0.9534   |
| 04_0013  |    0.6235   |    0.7388   |    0.8019   |    0.8063   |
| 04_0046  |    0.9257   |    0.8638   |    0.9758   |    0.9727   |
| 04_0050  |    0.9993   |    0.9999   |    0.9969   |    0.9996   |
| 05_0017  |    0.9998   |    0.9459   |    0.9576   |    0.9759   |
| 05_0018  |    0.8211   |    0.7571   |    0.7244   |    0.7374   |
| 05_0019  |    0.8427   |    0.8827   |    0.7791   |    0.8182   |
| 05_0020  |    0.8685   |    0.8881   |    0.8077   |    0.8674   |
| 05_0021  |    0.8509   |    0.9222   |    0.8605   |    0.9274   |
| 05_0022  |    0.7123   |    0.6356   |    0.5107   |    0.5476   |
| 05_0023  |    0.4730   |    0.5362   |    0.5478   |    0.5463   |
| 05_0024  |    0.9723   |    0.8624   |    0.9754   |    0.9404   |
| 06_0144  |    0.9817   |    0.9751   |    0.9698   |    0.9723   |
| 06_0145  |    0.5031   |    0.5738   |    0.5362   |    0.5557   |
| 06_0147  |    0.9610   |    0.9924   |    0.9861   |    0.9893   |
| 06_0150  |    0.8924   |    0.8798   |    0.8820   |    0.8812   |
| 06_0153  |    0.6273   |    0.5291   |    0.5805   |    0.5568   |
| 06_0155  |    0.7953   |    0.8567   |    0.8367   |    0.8440   |
| 07_0005  |    0.9077   |    0.8502   |    0.8835   |    0.8743   |
| 07_0006  |    0.8936   |    0.7660   |    0.7818   |    0.7743   |
| 07_0007  |    0.9333   |    0.8922   |    0.8957   |    0.8952   |
| 07_0008  |    0.4448   |    0.6214   |    0.6064   |    0.6163   |
| 07_0009  |    0.5543   |    0.5607   |    0.5925   |    0.5774   |
| 07_0047  |    0.9938   |    0.9009   |    0.9054   |    0.9049   |
| 07_0048  |    0.7870   |    0.6978   |    0.7041   |    0.7017   |
| 07_0049  |    0.8470   |    0.8555   |    0.8693   |    0.8637   |
| 08_0044  |    0.9334   |    0.9041   |    0.9231   |    0.9122   |
| 08_0058  |    0.7772   |    0.8082   |    0.7878   |    0.7965   |
| 08_0077  |    0.8665   |    0.8742   |    0.9010   |    0.8909   |
| 08_0078  |    0.7885   |    0.7660   |    0.7860   |    0.7932   |
| 08_0079  |    0.7793   |    0.6887   |    0.7110   |    0.6916   |
| 08_0080  |    0.5606   |    0.4350   |    0.3957   |    0.3550   |
| 08_0156  |    0.9081   |    0.9291   |    0.9259   |    0.9293   |
| 08_0157  |    0.9118   |    0.9322   |    0.9197   |    0.9278   |
| 08_0158  |    0.7920   |    0.8061   |    0.7815   |    0.7916   |
| 08_0159  |    0.7656   |    0.7576   |    0.7322   |    0.7456   |
| 08_0178  |    0.9725   |    0.9485   |    0.9517   |    0.9498   |
| 08_0179  |    0.5340   |    0.4790   |    0.5020   |    0.4952   |
| 09_0057  |    0.6952   |    0.6862   |    0.7201   |    0.7062   |
| 10_0037  |    0.9524   |    0.9229   |    0.8828   |    0.8978   |
| 10_0038  |    0.3043   |    0.1803   |    0.1580   |    0.1687   |
| 10_0042  |    0.1925   |    0.1916   |    0.1892   |    0.1885   |
| 10_0074  |    0.5545   |    0.5645   |    0.4853   |    0.5020   |
| 10_0075  |    0.8621   |    0.7742   |    0.7991   |    0.7915   |
| 11_0176  |    0.8552   |    0.8791   |    0.8681   |    0.8726   |
| 12_0142  |    0.4476   |    0.6781   |    0.7328   |    0.7470   |
| 12_0143  |    0.5990   |    0.5765   |    0.5886   |    0.5869   |
| 12_0148  |    0.8706   |    0.7728   |    0.9209   |    0.8364   |
| 12_0149  |    0.8933   |    0.8708   |    0.9687   |    0.9554   |
| 12_0151  |    0.8741   |    0.9176   |    0.9146   |    0.9634   |
| 12_0152  |    0.3580   |    0.4348   |    0.4529   |    0.4667   |
| 12_0154  |    0.6771   |    0.8444   |    0.9981   |    0.9539   |
| 12_0173  |    0.7580   |    0.5945   |    0.6619   |    0.6113   |
| 12_0174  |    0.4839   |    0.4786   |    0.8533   |    0.6814   |
| 12_0175  |    0.9867   |    0.9785   |    0.6972   |    0.9332   |
|   avg    |    0.7182   |    0.7252   |    0.7227   |    0.7297   |
+----------+-------------+-------------+-------------+-------------++----------+-------------+-------------+-------------+-------------+
| VIDEO-ID | AUROC-Recon | AUROC-FlowS | AUROC-FlowD | AUROC-Total |
+----------+-------------+-------------+-------------+-------------+
| 01_0014  |    0.9591   |    0.9738   |    0.9731   |    0.9735   |
| 01_0015  |    0.9988   |    0.9681   |    0.9536   |    0.9582   |
| 01_0016  |    0.9643   |    0.9587   |    0.9455   |    0.9510   |
| 01_0025  |    0.6820   |    0.6781   |    0.6696   |    0.6727   |
| 01_0026  |    0.7523   |    0.7659   |    0.7802   |    0.7754   |
| 01_0027  |    0.9432   |    0.9167   |    0.9075   |    0.9106   |
| 01_0028  |    0.9508   |    0.9463   |    0.9633   |    0.9530   |
| 01_0029  |    0.9777   |    0.9923   |    0.9894   |    0.9909   |
| 01_0030  |    0.7944   |    0.6789   |    0.6522   |    0.6615   |
| 01_0051  |    0.9979   |    0.9962   |    0.9965   |    0.9966   |
| 01_0052  |    0.7731   |    0.7981   |    0.8027   |    0.7939   |
| 01_0053  |    0.9803   |    0.9478   |    0.9333   |    0.9402   |
| 01_0054  |    0.5942   |    0.5566   |    0.5715   |    0.5673   |
| 01_0055  |    0.9424   |    0.9517   |    0.9540   |    0.9532   |
| 01_0056  |    0.9927   |    0.9997   |    0.9951   |    0.9981   |
| 01_0063  |    0.9247   |    0.8877   |    0.8754   |    0.8802   |
| 01_0064  |    0.9605   |    0.9828   |    0.9815   |    0.9821   |
| 01_0073  |    0.9754   |    0.9453   |    0.9316   |    0.9355   |
| 01_0076  |    0.8138   |    0.8094   |    0.8085   |    0.8088   |
| 01_0129  |    0.9999   |    0.9998   |    0.9999   |    1.0000   |
| 01_0130  |    0.9432   |    0.9702   |    0.9729   |    0.9716   |
| 01_0131  |    0.9810   |    0.9795   |    0.9752   |    0.9768   |
| 01_0132  |    0.9988   |    0.9949   |    0.9847   |    0.9915   |
| 01_0133  |    0.3935   |    0.6481   |    0.8102   |    0.6759   |
| 01_0134  |    0.9768   |    0.9617   |    0.9480   |    0.9525   |
| 01_0135  |    0.9564   |    0.9940   |    0.9845   |    0.9891   |
| 01_0136  |    0.9339   |    0.9243   |    0.9134   |    0.9191   |
| 01_0138  |    0.7952   |    0.7421   |    0.7111   |    0.7219   |
| 01_0139  |    0.9936   |    0.9955   |    0.9965   |    0.9962   |
| 01_0140  |    0.9435   |    0.8864   |    0.8414   |    0.8614   |
| 01_0141  |    0.8309   |    0.8240   |    0.8220   |    0.8227   |
| 01_0162  |    0.9072   |    0.8940   |    0.8882   |    0.8898   |
| 01_0163  |    0.9986   |    0.9961   |    0.9953   |    0.9958   |
| 01_0177  |    0.9996   |    0.9990   |    0.9997   |    0.9995   |
| 02_0128  |    0.8723   |    0.8403   |    0.7771   |    0.8050   |
| 02_0161  |    0.7542   |    0.6763   |    0.6564   |    0.6665   |
| 02_0164  |    0.5995   |    0.6448   |    0.6074   |    0.6253   |
| 03_0031  |    0.9525   |    0.9760   |    0.9669   |    0.9715   |
| 03_0032  |    0.9510   |    0.9471   |    0.9552   |    0.9512   |
| 03_0033  |    0.4234   |    0.4101   |    0.4189   |    0.4150   |
| 03_0035  |    0.8469   |    0.8430   |    0.8307   |    0.8371   |
| 03_0036  |    0.8122   |    0.8218   |    0.8187   |    0.8203   |
| 03_0039  |    0.6068   |    0.5843   |    0.5834   |    0.5832   |
| 03_0041  |    0.6494   |    0.6145   |    0.6236   |    0.6183   |
| 03_0059  |    0.7762   |    0.7457   |    0.7580   |    0.7504   |
| 03_0060  |    0.7234   |    0.7518   |    0.7443   |    0.7478   |
| 03_0061  |    0.6913   |    0.6750   |    0.6580   |    0.6657   |
| 04_0001  |    0.5815   |    0.6546   |    0.5699   |    0.6245   |
| 04_0003  |    0.7419   |    0.7662   |    0.7371   |    0.7592   |
| 04_0004  |    0.3540   |    0.3272   |    0.3658   |    0.3406   |
| 04_0010  |    0.6773   |    0.3755   |    0.5383   |    0.4673   |
| 04_0012  |    0.9527   |    0.9564   |    0.9258   |    0.9534   |
| 04_0013  |    0.6235   |    0.7388   |    0.8019   |    0.8063   |
| 04_0046  |    0.9257   |    0.8638   |    0.9758   |    0.9727   |
| 04_0050  |    0.9993   |    0.9999   |    0.9969   |    0.9996   |
| 05_0017  |    0.9998   |    0.9459   |    0.9576   |    0.9759   |
| 05_0018  |    0.8211   |    0.7571   |    0.7244   |    0.7374   |
| 05_0019  |    0.8427   |    0.8827   |    0.7791   |    0.8182   |
| 05_0020  |    0.8685   |    0.8881   |    0.8077   |    0.8674   |
| 05_0021  |    0.8509   |    0.9222   |    0.8605   |    0.9274   |
| 05_0022  |    0.7123   |    0.6356   |    0.5107   |    0.5477   |
| 05_0023  |    0.4730   |    0.5362   |    0.5478   |    0.5463   |
| 05_0024  |    0.9723   |    0.8624   |    0.9754   |    0.9404   |
| 06_0144  |    0.9817   |    0.9751   |    0.9698   |    0.9723   |
| 06_0145  |    0.5031   |    0.5738   |    0.5362   |    0.5557   |
| 06_0147  |    0.9610   |    0.9924   |    0.9861   |    0.9893   |
| 06_0150  |    0.8924   |    0.8798   |    0.8820   |    0.8812   |
| 06_0153  |    0.6273   |    0.5291   |    0.5805   |    0.5568   |
| 06_0155  |    0.7953   |    0.8567   |    0.8367   |    0.8440   |
| 07_0005  |    0.9077   |    0.8502   |    0.8835   |    0.8743   |
| 07_0006  |    0.8936   |    0.7660   |    0.7818   |    0.7743   |
| 07_0007  |    0.9333   |    0.8922   |    0.8957   |    0.8952   |
| 07_0008  |    0.4448   |    0.6214   |    0.6064   |    0.6163   |
| 07_0009  |    0.5543   |    0.5607   |    0.5925   |    0.5774   |
| 07_0047  |    0.9938   |    0.9009   |    0.9054   |    0.9049   |
| 07_0048  |    0.7870   |    0.6978   |    0.7041   |    0.7017   |
| 07_0049  |    0.8470   |    0.8555   |    0.8693   |    0.8637   |
| 08_0044  |    0.9334   |    0.9041   |    0.9231   |    0.9122   |
| 08_0058  |    0.7772   |    0.8082   |    0.7878   |    0.7965   |
| 08_0077  |    0.8665   |    0.8742   |    0.9010   |    0.8909   |
| 08_0078  |    0.7885   |    0.7660   |    0.7860   |    0.7932   |
| 08_0079  |    0.7793   |    0.6887   |    0.7110   |    0.6916   |
| 08_0080  |    0.5606   |    0.4350   |    0.3957   |    0.3550   |
| 08_0156  |    0.9081   |    0.9291   |    0.9259   |    0.9293   |
| 08_0157  |    0.9118   |    0.9322   |    0.9197   |    0.9278   |
| 08_0158  |    0.7920   |    0.8061   |    0.7815   |    0.7916   |
| 08_0159  |    0.7656   |    0.7576   |    0.7322   |    0.7456   |
| 08_0178  |    0.9725   |    0.9485   |    0.9517   |    0.9498   |
| 08_0179  |    0.5340   |    0.4790   |    0.5020   |    0.4952   |
| 09_0057  |    0.6952   |    0.6862   |    0.7201   |    0.7062   |
| 10_0037  |    0.9524   |    0.9229   |    0.8828   |    0.8978   |
| 10_0038  |    0.3043   |    0.1803   |    0.1580   |    0.1687   |
| 10_0042  |    0.1925   |    0.1916   |    0.1892   |    0.1885   |
| 10_0074  |    0.5545   |    0.5645   |    0.4853   |    0.5020   |
| 10_0075  |    0.8621   |    0.7742   |    0.7991   |    0.7915   |
| 11_0176  |    0.8552   |    0.8791   |    0.8681   |    0.8726   |
| 12_0142  |    0.4476   |    0.6781   |    0.7328   |    0.7470   |
| 12_0143  |    0.5990   |    0.5765   |    0.5886   |    0.5869   |
| 12_0148  |    0.8706   |    0.7728   |    0.9209   |    0.8364   |
| 12_0149  |    0.8933   |    0.8708   |    0.9687   |    0.9554   |
| 12_0151  |    0.8741   |    0.9176   |    0.9146   |    0.9634   |
| 12_0152  |    0.3580   |    0.4348   |    0.4529   |    0.4667   |
| 12_0154  |    0.6771   |    0.8444   |    0.9981   |    0.9539   |
| 12_0173  |    0.7580   |    0.5945   |    0.6619   |    0.6113   |
| 12_0174  |    0.4839   |    0.4786   |    0.8533   |    0.6814   |
| 12_0175  |    0.9867   |    0.9785   |    0.6972   |    0.9332   |
|   avg    |    0.7182   |    0.7252   |    0.7227   |    0.7297   |
+----------+-------------+-------------+-------------+-------------+
