# For clips which all frames are abnormal, skip the AUC evaluation of the clip and count when evaluating average AUC of the entire test set.
+----------+-------------+-------------+-------------+-------------+
| VIDEO-ID | AUROC-Recon | AUROC-FlowS | AUROC-FlowD | AUROC-Total |
+----------+-------------+-------------+-------------+-------------+
|    01    |    0.8856   |    0.8464   |    0.8960   |    0.8547   |
|    02    |    0.9024   |    0.8569   |    0.8850   |    0.8758   |
|    03    |    0.9574   |    0.8993   |    0.8492   |    0.8823   |
|    04    |    0.9995   |    0.9994   |    0.9989   |    0.9994   |
|    05    |    0.9974   |    0.9923   |    0.9941   |    0.9923   |
|    06    |    0.9856   |    0.9716   |    0.9840   |    0.9751   |
|    07    |    0.9725   |    0.9741   |    0.9654   |    0.9740   |
|    09    |    0.9014   |    0.9037   |    0.9066   |    0.9044   |
|    10    |    0.7283   |    0.6906   |    0.6625   |    0.6853   |
|    11    |    0.8621   |    0.8615   |    0.8529   |    0.8601   |
|    12    |    0.7831   |    0.8142   |    0.7921   |    0.8119   |
|    13    |    0.9018   |    0.9011   |    0.9006   |    0.9012   |
|    14    |    0.8735   |    0.9142   |    0.9011   |    0.9116   |
|    15    |    0.9917   |    0.9868   |    0.9878   |    0.9868   |
|    16    |    0.6334   |    0.8232   |    0.7674   |    0.8162   |
|    17    |    0.9415   |    0.9513   |    0.9415   |    0.9492   |
|    19    |    0.9860   |    0.9678   |    0.9618   |    0.9675   |
|    20    |    0.6665   |    0.6550   |    0.6949   |    0.6636   |
|    21    |    0.9984   |    0.9532   |    0.9926   |    0.9557   |
|   avg    |    0.8553   |    0.8637   |    0.8535   |    0.8601   |
+----------+-------------+-------------+-------------+-------------+
